ISS (ZARYA)             
1 25544U 98067A   24044.93347383  .00024545  00000+0  43854-3 0  9990
2 25544  51.6409 211.1208 0001873 255.3317 203.9132 15.49881632439280
ISS DEB                 
1 47853U 98067RZ  24044.59143520  .00314293  56198-4  43613-3 0  9995
2 47853  51.6214 127.5629 0004754   0.4491 359.6525 16.05425306166985
CSS (TIANHE)            
1 48274U 21035A   24044.60669787  .00049461  00000+0  51397-3 0  9990
2 48274  41.4685 124.3211 0007208   4.4642 355.6261 15.63743954159590
ISS (NAUKA)             
1 49044U 21066A   24044.52883947  .00024389  00000+0  43612-3 0  9990
2 49044  51.6376 213.1294 0001968 258.9233 101.1535 15.49861011439210
FREGAT DEB              
1 49271U 11037PF  24044.49895563  .00000611  00000+0  18168-2 0  9991
2 49271  51.6383 343.3608 0954103 221.6346 130.7937 12.11418425120062
CSS (WENTIAN)           
1 53239U 22085A   24044.54283212  .00046267  00000+0  48137-3 0  9990
2 53239  41.4684 124.7119 0007261   2.9701 357.1181 15.63735127159585
CSS (MENGTIAN)          
1 54216U 22143A   24044.54283212  .00046267  00000+0  48137-3 0  9991
2 54216  41.4684 124.7119 0007261   2.9701 357.1181 15.63735127159581
ISS DEB                 
1 57212U 98067VP  24044.81450535  .00101316  00000+0  74948-3 0  9998
2 57212  51.6317 195.4995 0004262 256.1181 103.9343 15.72129743 36410
PROGRESS-MS 24          
1 57691U 23125A   24043.51459821  .00024146  00000+0  43257-3 0  9999
2 57691  51.6404 218.1523 0001911 230.6128 226.8660 15.49814353 26917
CREW DRAGON 7           
1 57697U 23128A   24044.52883947  .00024389  00000+0  43612-3 0  9994
2 57697  51.6376 213.1294 0001968 258.9233 101.1535 15.49861011439213
SOYUZ-MS 24             
1 57862U 23143A   24044.52883947  .00024389  00000+0  43612-3 0  9995
2 57862  51.6376 213.1294 0001968 258.9233 101.1535 15.49861011439217
SHENZHOU-17 (SZ-17)     
1 58146U 23164A   24044.54283212  .00046267  00000+0  48137-3 0  9991
2 58146  41.4684 124.7119 0007261   2.9701 357.1181 15.63735127159587
ISS DEB                 
1 58174U 98067WA  24044.82773683  .00236092  00000+0  16696-2 0  9994
2 58174  51.6326 203.8629 0005446 253.3491 106.6910 15.72724263 17354
ISS DEB                 
1 58229U 98067WC  24044.63886947  .00082337  00000+0  96848-3 0  9991
2 58229  51.6358 208.6254 0002754 222.5022 137.5758 15.60702686 16066
PROGRESS-MS 25          
1 58460U 23184A   24044.52883947  .00024389  00000+0  43612-3 0  9995
2 58460  51.6376 213.1294 0001968 258.9233 101.1535 15.49861011439212
BEAK                    
1 58612U 98067WD  24044.74989936  .00086309  00000+0  11345-2 0  9992
2 58612  51.6373 210.1183 0005111 222.5417 137.5180 15.57740460  9009
CLARK SAT-1 (AMBITIOUS) 
1 58613U 98067WE  24044.86121107  .00193481  00000+0  20180-2 0  9991
2 58613  51.6353 208.6084 0008354 251.3218 108.6870 15.63322554  9003
TIANZHOU-7              
1 58811U 24013A   24044.54283212  .00046267  00000+0  48137-3 0  9994
2 58811  41.4684 124.7119 0007261   2.9701 357.1181 15.63735127159586
CZ-7 DEB                
1 58813U 24013C   24018.11402078 -.00002294  72670-5  00000+0 0  9997
2 58813  41.8298 285.9373 0234014 181.6233 328.2070 15.73710950    93
CZ-7 DEB                
1 58814U 24013D   24018.11444661 -.00002240  70950-5  00000+0 0  9992
2 58814  41.6413 286.0086 0240306 187.1577 323.2676 15.72861586    84
CYGNUS NG-20            
1 58898U 24021A   24044.52883947  .00024389  00000+0  43612-3 0  9991
2 58898  51.6376 213.1294 0001968 258.9233 101.1535 15.49861011439217
AXIOM-3 DEB             
1 58953U 24014B   24044.83116927  .00824019  28831-3  14931-2 0  9991
2 58953  51.2796 209.4390 0107979  72.9749 288.3050 15.90816777   692
